17 185.32
35 193.98
37 207.84
52 213.04
75 225.16
77 216.5
97 206.11
115 209.57
117 213.04
137 221.7
155 225.16
159 225.16
180 237.29
195 237.29
301 206.11
519 183.59
524 185.32
541 185.32
544 180.13
559 168.0
565 150.68
583 131.63
585 114.31
623 121.24
623 136.83
626 154.15
640 173.2
646 188.79
664 202.64
666 214.77
681 223.43
706 228.63
721 228.63
726 226.89
744 228.63
747 232.09
766 235.55
767 239.02
1071 183.59
1087 168.0
1091 147.22
1110 129.9
1111 121.24
1128 122.97
1131 131.63
1150 140.29
1151 148.95
1167 164.54
1171 183.59
1190 193.98
1191 200.91
1207 206.11
1211 214.77
1230 225.16
1231 237.29
1632 282.32
1815 287.52
1832 278.86
1835 270.19
1850 261.53
1875 239.02
1902 219.97
1905 206.11
1920 193.98
1925 181.86
1942 171.47
1945 162.81
1960 157.61
1966 162.81
1983 169.74
1986 178.4
2001 188.79
2006 197.45
